1 0.419400 0.393250 0.029791 0.030789
1 0.360555 0.418554 0.035088 0.028123
1 0.608170 0.523101 0.038885 0.039809
1 0.773449 0.176257 0.015704 0.015744
0 0.623960 0.632845 0.090507 0.260226
2 0.639160 0.597877 0.043945 0.113208
0 0.425887 0.436199 0.071398 0.119043
2 0.425738 0.446097 0.066086 0.061791
0 0.362528 0.474799 0.070033 0.140551
2 0.358501 0.479544 0.049277 0.083716
0 0.765617 0.222382 0.019960 0.070168
0 0.777227 0.225936 0.036263 0.113416
0 0.743467 0.239307 0.030972 0.105878
2 0.776656 0.210012 0.025798 0.042481
